time_h,biomass_gL,glucose_mM,ammonium_mM,PHB_mM
0.0,0.05,20.0,20.0,0.0
0.1,0.05214702771472021,20.0,20.05,0.0
0.2,0.05438624998959594,20.0,20.10214702771472,0.0
0.30000000000000004,0.0567216257101432,20.0,20.156533277704316,0.0
0.4,0.05915728375861645,20.0,20.21325490341446,0.0
0.5,0.06169753031376277,20.0,20.272412187173074,0.0
0.6000000000000001,0.06434685646403153,20.0,20.334109717486836,0.0
0.7000000000000001,0.06710994614769948,20.0,20.398456573950867,0.0
0.8,0.06999168443394929,20.0,20.465566520098566,0.0
0.9,0.07299716615954206,20.0,20.535558204532514,0.0
1.0,0.07613170493635349,20.0,20.608555370692056,0.0
1.1,0.0794008425456985,20.0,20.68468707562841,0.0
1.2000000000000002,0.08281035873605347,20.0,20.76408791817411,0.0
1.3,0.08636628144149802,20.0,20.846898276910164,0.0
1.4000000000000001,0.09007489743894243,20.0,20.933264558351663,0.0
1.5,0.09394276346298218,20.0,21.023339455790605,0.0
1.6,0.0979767177980307,20.0,21.11728221925359,0.0
1.7000000000000002,0.10218389236822452,20.0,21.21525893705162,0.0
1.8,0.10657172534647577,20.0,21.317442829419843,0.0
1.9000000000000001,0.1111479743049644,20.0,21.42401455476632,0.0
2.0,0.11592072993031972,20.0,21.535162529071282,0.0
2.1,0.12089843032773953,20.0,21.651083259001602,0.0
2.2,0.12608987593933602,20.0,21.77198168932934,0.0
2.3000000000000003,0.1315042451030837,20.0,21.898071565268676,0.0
2.4000000000000004,0.13715111027987725,20.0,22.02957581037176,0.0
2.5,0.1430404549773881,20.0,22.166726920651637,0.0
2.6,0.14918269140064086,20.0,22.309767375629026,0.0
2.7,0.15558867886051536,20.0,22.458950067029665,0.0
2.8000000000000003,0.16226974297271987,20.0,22.61453874589018,0.0
2.9000000000000004,0.16923769568117888,20.0,22.776808488862898,0.0
3.0,0.17650485614123634,20.0,22.946046184544077,0.0
3.1,0.18408407249959502,20.0,23.122551040685313,0.0
3.2,0.19198874460949883,20.0,23.306635113184907,0.0
3.3000000000000003,0.20023284772131744,20.0,23.498623857794406,0.0
3.4000000000000004,0.20883095719041775,20.0,23.698856705515723,0.0
3.5,0.2177982742460052,20.0,23.90768766270614,0.0
3.6,0.22715065286649325,20.0,24.125485936952145,0.0
3.7,0.23690462780891616,20.0,24.352636589818637,0.0
3.8000000000000003,0.24707744384194044,20.0,24.589541217627552,0.0
3.9000000000000004,0.2576870862341578,20.0,24.836618661469494,0.0
4.0,0.2687523125515624,20.0,25.09430574770365,0.0
4.1000000000000005,0.2802926858204293,20.0,25.363058060255213,0.0
4.2,0.29232860911422576,20.0,25.643350746075644,0.0
4.3,0.30488136162570273,20.0,25.93567935518987,0.0
4.4,0.317973136287943,20.0,26.240560716815573,0.0
4.5,0.3316270790108773,20.0,26.558533853103516,0.0
4.6000000000000005,0.3458673296026384,20.0,26.890160932114394,0.0
4.7,0.3607190644481009,20.0,27.23602826171703,0.0
4.800000000000001,0.3762085410200611,20.0,27.596747326165133,0.0
4.9,0.3923631443017515,20.0,27.972955867185195,0.0
5.0,0.4092114352027639,20.0,28.365319011486946,0.0
5.1000000000000005,0.42678320105397904,20.0,28.77453044668971,0.0
5.2,0.4451095082707769,20.0,29.20131364774369,0.0
5.300000000000001,0.46422275727763357,20.0,29.646423156014464,0.0
5.4,0.48415673979121165,20.0,30.110645913292096,0.0
5.5,0.5049466985632177,20.0,30.594802653083306,0.0
5.6000000000000005,0.5266293896886515,20.0,31.099749351646523,0.0
5.7,0.5492431475896058,20.0,31.626378741335174,0.0
5.800000000000001,0.5728279527895065,20.0,32.17562188892478,0.0
5.9,0.5974255025976165,20.0,32.74844984171429,0.0
6.0,0.623079284828771,20.0,33.34587534431191,0.0
6.1000000000000005,0.6498346546886791,20.0,33.968954629140676,0.0
6.2,0.6777389149607235,20.0,34.61878928382936,0.0
6.300000000000001,0.7068413996360248,20.0,35.29652819879008,0.0
6.4,0.7371935611346279,20.0,36.003369598426104,0.0
6.5,0.7688490612720142,20.0,36.74056315956073,0.0
6.6000000000000005,0.8018638661317665,20.0,37.50941222083274,0.0
6.7,0.8362963450121181,20.0,38.31127608696451,0.0
6.800000000000001,0.8722073736213224,20.0,39.14757243197663,0.0
6.9,0.9096604417042882,20.0,40.01977980559795,0.0
7.0,0.9487217652907625,20.0,40.92944024730224,0.0
7.1000000000000005,0.9894604037635131,20.0,41.878162012593,0.0
7.2,1.031948381953483,20.0,42.86762241635652,0.0
7.300000000000001,1.0762608174777786,20.0,43.89957079831,0.0
7.4,1.1224760535456226,20.0,44.97583161578778,0.0
7.5,1.1706757974670665,20.0,46.09830766933341,0.0
7.6000000000000005,1.2209452651093455,20.0,47.26898346680048,0.0
7.7,1.2733733315562685,20.0,48.48992873190982,0.0
7.800000000000001,1.3280526882370063,20.0,49.76330206346609,0.0
7.9,1.3850800068020763,20.0,51.0913547517031,0.0
8.0,1.444556110036254,20.0,52.47643475850518,0.0
8.1,1.5065861501105786,20.0,53.92099086854143,0.0
8.200000000000001,1.5712797944885988,20.0,55.42757701865201,0.0
8.3,1.6387514198155362,20.0,56.998856813140605,0.0
8.4,1.7091203141331566,20.0,58.63760823295614,0.0
8.5,1.78251088777786,20.0,60.3467285470893,0.0
8.6,1.8590528933348511,20.0,62.12923943486716,0.0
8.700000000000001,1.9388816550372647,20.0,63.98829232820201,0.0
8.8,2.022138308015816,20.0,65.92717398323927,0.0
8.9,2.108970047821963,20.0,67.94931229125508,0.0
9.0,2.1995303906657333,20.0,70.05828233907705,0.0
9.1,2.2939794448283064,20.0,72.25781272974278,0.0
9.200000000000001,2.3924841937292025,20.0,74.55179217457109,0.0
9.3,2.495218791148534,20.0,76.9442763683003,0.0
9.4,2.6023648691262644,20.0,79.43949515944882,0.0
9.5,2.7141118590828297,20.0,82.04186002857509,0.0
9.600000000000001,2.8306573267288613,20.0,84.75597188765792,0.0
9.700000000000001,2.9522073213561137,20.0,87.58662921438679,0.0
9.8,3.078976740127142,20.0,90.5388365357429,0.0
9.9,3.2111897080077783,20.0,93.61781327587005,0.0
10.0,3.349079974014117,20.0,96.82900298387783,0.0
10.100000000000001,3.4928913244745705,20.0,100.17808295789195,0.0
10.200000000000001,3.6428780140376227,20.0,103.67097428236652,0.0
10.3,3.799305215187295,20.0,107.31385229640414,0.0
10.4,3.9624494870610567,20.0,111.11315751159142,0.0
10.5,4.132599264399034,20.0,115.07560699865247,0.0
10.600000000000001,4.310055367488974,20.0,119.20820626305151,0.0
10.700000000000001,4.495131534008521,20.0,123.51826163054048,0.0
10.8,4.6881549737051005,20.0,128.013393164549,0.0
10.9,4.889466946894063,20.0,132.7015481382541,0.0
11.0,5.09942336779786,20.0,137.59101508514817,0.0
11.100000000000001,5.318395433792936,20.0,142.69043845294604,0.0
11.200000000000001,5.546770281676831,20.0,148.00883388673898,0.0
11.3,5.78495167211576,20.0,153.5556041684158,0.0
11.4,6.0333607034827486,20.0,159.34055584053158,0.0
11.5,6.292436556348372,20.0,165.37391654401432,0.0
11.600000000000001,6.562637269940341,20.0,171.6663531003627,0.0
11.700000000000001,6.844440551944692,20.0,178.22899037030305,0.0
11.8,7.138344623080292,20.0,185.07343092224775,0.0
11.9,7.444869097939837,20.0,192.21177554532804,0.0
12.0,7.764555903654652,20.0,199.65664464326787,0.0
12.100000000000001,8.097970238007468,20.0,207.4212005469225,0.0
12.200000000000001,8.445701568687094,20.0,215.51917078492997,0.0
12.3,8.808364675451633,20.0,223.96487235361707,0.0
12.4,9.186600737042772,20.0,232.7732370290687,0.0
12.5,9.581078464772768,20.0,241.95983776611146,0.0
12.600000000000001,9.992495284788285,20.0,251.54091623088422,0.0
12.700000000000001,10.42157857110131,20.0,261.5334115156725,0.0
12.8,10.86908693156708,20.0,271.9549900867738,0.0
12.9,11.335811549082631,20.0,282.8240770183409,0.0
13.0,11.822577580377144,20.0,294.15988856742354,0.0
13.100000000000001,12.330245614867131,20.0,305.98246614780066,0.0
13.200000000000001,12.859713196155667,20.0,318.3127117626678,0.0
13.3,13.41191640886565,20.0,331.17242495882346,0.0
13.4,13.987831533612551,20.0,344.5843413676891,0.0
13.5,14.588476773042615,20.0,358.57217290130166,0.0
13.600000000000001,15.2149140519881,20.0,373.16064967434426,0.0
13.700000000000001,15.868250894922182,20.0,388.37556372633236,0.0
13.8,16.54964238403281,20.0,404.24381462125456,0.0
13.9,17.260293201377337,20.0,420.7934570052874,0.0
14.0,18.00145975872841,20.0,438.05375020666474,0.0
14.100000000000001,18.77445241887661,20.0,456.05520996539315,0.0
14.200000000000001,19.580637812317082,20.0,474.82966238426974,0.0
14.3,20.42144125341594,20.0,494.41030019658683,0.0
14.4,21.298349260328223,20.0,514.8317414500028,0.0
14.5,22.212912183122523,20.0,536.130090710331,0.0
14.600000000000001,23.166746944758717,20.0,558.3430028934536,0.0
14.700000000000001,24.161539899764843,20.0,581.5097498382123,0.0
14.8,25.1990498156671,20.0,605.6712897379772,0.0
14.9,26.281110982444137,20.0,630.8703395536443,0.0
15.0,27.40963645550303,20.0,657.1514505360884,0.0
15.100000000000001,28.586621437910427,20.0,684.5610869915914,0.0
15.200000000000001,29.814146807858588,20.0,713.1477084295019,0.0
15.3,31.094382797602766,20.0,742.9618552373605,0.0
15.4,32.429592830374204,20.0,774.0562380349633,0.0
15.5,33.822137522052294,20.0,806.4858308653374,0.0
15.600000000000001,35.274478854670775,20.0,840.3079683873898,0.0
15.700000000000001,36.78918452913656,20.0,875.5824472420605,0.0
15.8,38.368932504856794,20.0,912.3716317711971,0.0
15.9,40.016515734299915,20.0,950.740564276054,0.0
16.0,41.73484710086149,20.0,990.7570800103539,0.0
16.1,43.52696456876467,20.0,1032.4919271112153,0.0
16.2,45.3960365541003,20.0,1076.01889167998,0.0
16.3,47.34536752650238,20.0,1121.4149282340804,0.0
16.400000000000002,49.378403851362656,20.0,1168.7602957605827,0.0
16.5,51.49873988291309,20.0,1218.1386996119454,0.0
16.6,53.7101243189487,20.0,1269.6374394948584,0.0
16.7,56.01646682842569,20.0,1323.347563813807,0.0
16.8,58.421844963652376,20.0,1379.3640306422328,0.0
16.900000000000002,60.930511369293335,20.0,1437.7858756058852,0.0
17.0,63.54690130093226,20.0,1498.7163869751785,0.0
17.1,66.27564046648607,20.0,1562.2632882761106,0.0
17.2,69.1215532043336,20.0,1628.5389287425967,0.0
17.3,72.0896710126178,20.0,1697.6604819469303,0.0
17.400000000000002,75.18524144480082,20.0,1769.7501529595481,0.0
17.5,78.41373738719915,20.0,1844.935394404349,0.0
17.6,81.7808667349013,20.0,1923.3491317915482,0.0
17.7,85.29258248317473,20.0,2005.1299985264495,0.0
17.8,88.9550932522034,20.0,2090.422581009624,0.0
17.900000000000002,92.7748742637634,20.0,2179.3776742618275,0.0
18.0,96.758678789243,20.0,2272.1525485255906,0.0
18.1,100.91355008924727,20.0,2368.9112273148335,0.0
18.2,105.24683386589562,20.0,2469.8247774040806,0.0
18.3,109.76619124982821,20.0,2575.071611269976,0.0
18.400000000000002,114.47961234488137,20.0,2684.8378025198044,0.0
18.5,119.39543035437904,20.0,2799.317414864686,0.0
18.6,124.52233631401496,20.0,2918.712845219065,0.0
18.7,129.86939445737295,20.0,3043.23518153308,0.0
18.8,135.4460582412511,20.0,3173.1045759904528,0.0
18.900000000000002,141.26218705912254,20.0,3308.550634231704,0.0
19.0,147.32806367228102,20.0,3449.8128212908264,0.0
19.1,153.65441238948998,20.0,3597.1408849631075,0.0
19.200000000000003,160.25241802727558,20.0,3750.7952973525976,0.0
19.3,167.1337456843853,20.0,3911.0477153798734,0.0
19.400000000000002,174.31056136537273,20.0,4078.1814610642587,0.0
19.5,181.79555348977053,20.0,4252.492022429631,0.0
19.6,189.6019553248792,20.0,4434.287575919401,0.0
19.700000000000003,197.74356838183232,20.0,4623.88953124428,0.0
19.8,206.23478681630155,20.0,4821.633099626112,0.0
19.900000000000002,215.09062287698174,20.0,5027.867886442414,0.0
20.0,224.3267334468479,20.0,5242.9585093193955,0.0
20.1,233.95944772410851,20.0,5467.285242766244,0.0
20.200000000000003,244.0057960917943,20.0,5701.244690490353,0.0
20.3,254.4835402270232,20.0,5945.250486582147,0.0
20.400000000000002,265.4112045031738,20.0,6199.734026809169,0.0
20.5,276.8081087404854,20.0,6465.145231312343,0.0
20.6,288.69440236298743,20.0,6741.953340052828,0.0
20.700000000000003,301.0911000221457,20.0,7030.647742415816,0.0
20.8,314.02011875020844,20.0,7331.7388424379615,0.0
20.900000000000002,327.50431670893687,20.0,7645.75896118817,0.0
21.0,341.5675336022286,20.0,7973.263277897107,0.0
21.1,356.2346328240807,20.0,8314.830811499336,0.0
21.200000000000003,371.5315454164101,20.0,8671.065444323416,0.0
21.3,387.4853159144472,20.0,9042.596989739826,0.0
21.400000000000002,404.12415016075573,20.0,9430.082305654274,0.0
21.5,421.4774651724135,20.0,9834.20645581503,0.0
21.6,439.5759411495172,20.0,10255.683920987443,0.0
21.700000000000003,458.45157571696166,20.0,10695.25986213696,0.0
21.8,478.1377404953908,20.0,11153.71143785392,0.0
21.900000000000002,498.6692401013367,20.0,11631.849178349312,0.0
22.0,520.0823736808572,20.0,12130.518418450649,0.0
22.1,542.4149990854625,20.0,12650.600792131507,0.0
22.200000000000003,565.7065998037907,20.0,13193.015791216969,0.0
22.3,589.9983547673679,20.0,13758.72239102076,0.0
22.400000000000002,615.333211153865,20.0,14348.720745788127,0.0
22.5,641.7559603165674,20.0,14964.053956941993,0.0
22.6,669.3133169742982,20.0,15605.80991725856,0.0
22.700000000000003,698.0540018018006,20.0,16275.123234232859,0.0
22.8,728.0288275665966,20.0,16973.17723603466,0.0
22.900000000000002,759.2907889646112,20.0,17701.206063601254,0.0
23.0,791.8951563133868,20.0,18460.496852565866,0.0
23.1,825.8995732685372,20.0,19252.39200887925,0.0
23.200000000000003,861.3641587361998,20.0,20078.291582147787,0.0
23.3,898.351613161665,20.0,20939.655740883987,0.0
23.400000000000002,936.9273293820987,20.0,21838.00735404565,0.0
23.5,977.1595082393414,20.0,22774.93468342775,0.0
23.6,1019.1192791571858,20.0,23752.094191667093,0.0
23.700000000000003,1062.8808258963086,20.0,24771.213470824277,0.0
23.8,1108.5215177091898,20.0,25834.094296720585,0.0
23.900000000000002,1156.122046126896,20.0,26942.615814429773,0.0
24.0,1205.7665676195652,20.0,28098.73786055667,0.0
24.1,1257.54285238281,20.0,29304.504428176235,0.0
24.200000000000003,1311.5424395130935,20.0,30562.047280559043,0.0
24.3,1367.8607988464203,20.0,31873.589720072137,0.0
24.400000000000002,1426.5974997464716,20.0,33241.45051891856,0.0
24.5,1487.8563871405956,20.0,34668.04801866503,0.0
24.6,1551.7457651148818,20.0,36155.904405805624,0.0
24.700000000000003,1618.3785883929086,20.0,37707.650170920504,0.0
24.8,1687.872662036695,20.0,39326.02875931341,0.0
24.900000000000002,1760.3508497229216,20.0,41013.90142135011,0.0
25.0,1835.9412909626485,20.0,42774.252271073026,0.0
25.1,1914.777627648568,20.0,44610.193562035674,0.0
25.200000000000003,1996.9992403303208,20.0,46524.97118968424,0.0
25.3,2082.751494635608,20.0,48521.97043001456,0.0
25.400000000000002,2172.185998272759,20.0,50604.72192465017,0.0
25.5,2265.4608690691343,20.0,52776.90792292293,0.0
25.6,2362.741014519245,20.0,55042.36879199206,0.0
25.700000000000003,2464.198423336823,20.0,57405.10980651131,0.0
25.8,2570.012469526302,20.0,59869.30822984813,0.0
25.900000000000002,2680.370229511291,20.0,62439.32069937443,0.0
26.0,2795.4668128807243,20.0,65119.69092888572,0.0
26.1,2915.505707337433,20.0,67915.15774176645,0.0
26.200000000000003,3040.699138459,20.0,70830.66344910389,0.0
26.3,3171.2684449069457,20.0,73871.36258756288,0.0
26.400000000000002,3307.444469747602,20.0,77042.63103246983,0.0
26.5,3449.4679685765245,20.0,80350.07550221743,0.0
26.6,3597.5900351679916,20.0,83799.54347079396,0.0
26.700000000000003,3752.072545402129,20.0,87397.13350596195,0.0
26.8,3913.188620254511,20.0,91149.20605136408,0.0
26.900000000000002,4081.223108666793,20.0,95062.39467161859,0.0
27.0,4256.473091152075,20.0,99143.61778028538,0.0
27.1,4439.248405025359,20.0,103400.09087143745,0.0
27.200000000000003,4629.872192187696,20.0,107839.33927646281,0.0
27.3,4828.681470432482,20.0,112469.21146865051,0.0
27.400000000000002,5036.027729283969,20.0,117297.89293908299,0.0
27.5,5252.277551421411,20.0,122333.92066836696,0.0
27.6,5477.8132607875,20.0,127586.19821978838,0.0
27.700000000000003,5713.033598526951,20.0,133064.0114805759,0.0
27.8,5958.354427950251,20.0,138777.04507910286,0.0
27.900000000000002,6214.20946976895,20.0,144735.3995070531,0.0
28.0,6481.051068902361,20.0,150949.60897682206,0.0
28.1,6759.350994211367,20.0,157430.66004572442,0.0
28.200000000000003,7049.601272573233,20.0,164190.01103993578,0.0
28.3,7352.315058772061,20.0,171239.612312509,0.0
28.400000000000002,7668.027542742825,20.0,178591.92737128108,0.0
28.5,7997.296895772957,20.0,186259.9549140239,0.0
28.6,8340.705257334363,20.0,194257.25180979684,0.0
28.700000000000003,8698.859764290548,20.0,202597.9570671312,0.0
28.8,9072.393624298471,20.0,211296.81683142175,0.0
28.900000000000002,9461.967235302862,20.0,220369.21045572023,0.0
29.0,9868.269353102254,20.0,229831.1776910231,0.0
29.1,10292.018309050942,20.0,239699.44704412535,0.0
29.200000000000003,10733.963280049742,20.0,249991.4653531763,0.0
29.3,11194.885613070855,20.0,260725.42863322602,0.0
29.400000000000002,11675.600206558564,20.0,271920.3142462969,0.0
29.5,12176.956951148044,20.0,283595.9144528555,0.0
29.6,12699.842232249433,20.0,295772.8714040035,0.0
29.700000000000003,13245.180497153702,20.0,308472.713636253,0.0
29.8,13813.935889430908,20.0,321717.8941334067,0.0
29.900000000000002,14407.113953510428,20.0,335531.8300228376,0.0
30.0,15025.763412456805,20.0,349938.94397634803,0.0
30.1,15670.978022084273,20.0,364964.7073888048,0.0
30.200000000000003,16343.898504687992,20.0,380635.6854108891,0.0
30.3,17045.714565810773,20.0,396979.5839155771,0.0
30.400000000000002,17777.66699761088,20.0,414025.29848138784,0.0
30.5,18541.049872549618,20.0,431802.9654789987,0.0
30.6,19337.212831277084,20.0,450344.0153515483,0.0
30.700000000000003,20167.563468760978,20.0,469681.22818282543,0.0
30.8,21033.569822877143,20.0,489848.7916515864,0.0
30.900000000000002,21936.76296986153,20.0,510882.36147446354,0.0
31.0,22878.739731212336,20.0,532819.1244443251,0.0
31.1,23861.16549682799,20.0,555697.8641755375,0.0
31.200000000000003,24885.777169372286,20.0,579559.0296723655,0.0
31.3,25954.38623507215,20.0,604444.8068417378,0.0
31.400000000000002,27068.881966377194,20.0,630399.19307681,0.0
31.5,28231.23476214322,20.0,657468.0750431871,0.0
31.6,29443.49963124509,20.0,685699.3098053304,0.0
31.700000000000003,30707.819825777828,20.0,715142.8094365754,0.0
31.8,32026.43063026941,20.0,745850.6292623532,0.0
31.900000000000002,33401.66331360445,20.0,777877.0598926226,0.0
32.0,34835.94925064567,20.0,811278.7232062271,0.0
32.1,36331.82422084012,20.0,846114.6724568728,0.0
32.2,37891.932891409844,20.0,882446.4966777129,0.0
32.300000000000004,39519.033493053335,20.0,920338.4295691227,0.0
32.4,41216.002696424155,20.0,959857.463062176,0.0
32.5,42985.84069800825,20.0,1001073.4657586002,0.0
32.6,44831.67652439167,20.0,1044059.3064566085,0.0
32.7,46756.773564296454,20.0,1088890.982981,0.0
32.800000000000004,48764.53533816527,20.0,1135647.7565452966,0.0
32.9,50858.51151549513,20.0,1184412.2918834619,0.0
33.0,53042.40419055881,20.0,1235270.803398957,0.0
33.1,55320.07442760921,20.0,1288313.2075895157,0.0
33.2,57695.54908713842,20.0,1343633.2820171248,0.0
33.300000000000004,60173.027945260124,20.0,1401328.8311042632,0.0
33.4,62756.89111880225,20.0,1461501.8590495232,0.0
33.5,65451.70680923716,20.0,1524258.7501683254,0.0
33.6,68262.2393791406,20.0,1589710.4569775625,0.0
33.7,71193.45777545818,20.0,1657972.696356703,0.0
33.800000000000004,74250.5443144716,20.0,1729166.1541321613,0.0
33.9,77438.9038439962,20.0,1803416.6984466328,0.0
34.0,80764.17329900844,20.0,1880855.602290629,0.0
34.1,84232.23166759715,20.0,1961619.7755896375,0.0
34.2,87849.21038485841,20.0,2045852.0072572345,0.0
34.300000000000004,91621.50417310992,20.0,2133701.217642093,0.0
34.4,95555.78234759028,20.0,2225322.721815203,0.0
34.5,99659.00060763121,20.0,2320878.504162793,0.0
34.6,103938.41333414923,20.0,2420537.504770424,0.0
34.7,108401.58641519844,20.0,2524475.9181045736,0.0
34.800000000000004,113056.41062225978,20.0,2632877.5045197723,0.0
34.9,117911.11556091534,20.0,2745933.915142032,0.0
35.0,122974.28422057255,20.0,2863845.030702947,0.0
35.1,128254.86814896148,20.0,2986819.3149235197,0.0
35.2,133762.20327823356,20.0,3115074.1830724813,0.0
35.300000000000004,139506.02643064162,20.0,3248836.386350715,0.0
35.4,145496.49253298313,20.0,3388342.412781357,0.0
35.5,151744.19257024102,20.0,3533838.90531434,0.0
35.6,158260.1723101639,20.0,3685583.097884581,0.0
35.7,165055.9518318902,20.0,3843843.2701947447,0.0
35.800000000000004,172143.545893142,20.0,4008899.222026635,0.0
35.9,179535.48517199766,20.0,4181042.767919777,0.0
36.0,187244.83842079795,20.0,4360578.253091775,0.0
36.1,195285.23557135309,20.0,4547823.091512573,0.0
36.2,203670.8918323002,20.0,4743108.327083926,0.0
36.300000000000004,212416.63282121473,20.0,4946779.218916226,0.0
36.4,221537.92077590854,20.0,5159195.851737441,0.0
36.5,231050.88189125576,20.0,5380733.77251335,0.0
36.6,240972.3348298771,20.0,5611784.654404606,0.0
36.7,251319.8204570887,20.0,5852756.989234483,0.0
36.800000000000004,262111.63285268613,20.0,6104076.809691572,0.0
36.9,273366.85165439174,20.0,6366188.442544258,0.0
37.0,285105.37579014734,20.0,6639555.29419865,0.0
37.1,297347.95865889057,20.0,6924660.669988797,0.0
37.2,310116.2448220128,20.0,7222008.628647688,0.0
37.300000000000004,323432.808270369,20.0,7532124.873469701,0.0
37.4,337321.19233449426,20.0,7855557.68174007,0.0
37.5,351805.95130858663,20.0,8192878.874074564,0.0
37.6,366912.6938618474,20.0,8544684.825383151,0.0
37.7,382668.128313928,20.0,8911597.519244999,0.0
37.800000000000004,399100.10985453014,20.0,9294265.647558928,0.0
37.9,416237.68979064113,20.0,9693365.757413458,0.0
38.0,434111.16690847336,20.0,10109603.4472041,0.0
38.1,452752.14104091364,20.0,10543714.614112573,0.0
38.2,472193.5689351886,20.0,10996466.755153487,0.0
38.300000000000004,492469.8225195183,20.0,11468660.324088676,0.0
38.400000000000006,513616.7496717731,20.0,11961130.146608194,0.0
38.5,535671.7375975691,20.0,12474746.896279968,0.0
38.6,558673.7789298552,20.0,13010418.633877538,0.0
38.7,582663.5406668524,20.0,13569092.412807394,0.0
38.800000000000004,607683.436070227,20.0,14151755.953474246,0.0
38.900000000000006,633777.6996506103,20.0,14759439.389544472,0.0
39.0,660992.4653730397,20.0,15393217.089195082,0.0
39.1,689375.8482205826,20.0,16054209.554568121,0.0
39.2,718978.0292603492,20.0,16743585.402788704,0.0
39.300000000000004,749851.3443622867,20.0,17462563.432049055,0.0
39.400000000000006,782050.3767276072,20.0,18212414.77641134,0.0
39.5,815632.053390438,20.0,18994465.153138947,0.0
39.6,850655.7458633061,20.0,19810097.206529386,0.0
39.7,887183.3751043959,20.0,20660752.952392694,0.0
39.800000000000004,925279.5209921587,20.0,21547936.32749709,0.0
39.900000000000006,965011.5365008224,20.0,22473215.84848925,0.0
40.0,1006449.666778662,20.0,23438227.384990074,0.0
40.1,1049667.1733395557,20.0,24444677.051768735,0.0
40.2,1094740.4635873963,20.0,25494344.225108292,0.0
40.300000000000004,1141749.2259023518,20.0,26589084.688695688,0.0
40.400000000000006,1190776.5705278052,20.0,27730833.91459804,0.0
40.5,1241909.1765070583,20.0,28921610.485125847,0.0
40.6,1295237.4449295779,20.0,30163519.661632907,0.0
40.7,1350855.6587577213,20.0,31458757.106562484,0.0
40.800000000000004,1408862.1495165098,20.0,32809612.765320204,0.0
40.900000000000006,1469359.471141154,20.0,34218474.91483671,0.0
41.0,1532454.5812896872,20.0,35687834.385977864,0.0
41.1,1598259.0304412649,20.0,37220288.96726755,0.0
41.2,1666889.159114449,20.0,38818547.99770881,0.0
41.300000000000004,1738466.303554156,20.0,40485437.15682326,0.0
41.400000000000006,1813117.0102509148,20.0,42223903.46037742,0.0
41.5,1890973.2596717014,20.0,44037020.470628336,0.0
41.6,1972172.6995978998,20.0,45927993.73030004,0.0
41.7,2056858.8884829243,20.0,47900166.42989794,0.0
41.800000000000004,2145181.5492597525,20.0,49957025.31838086,0.0
41.900000000000006,2237296.834047094,20.0,52102206.867640615,0.0
42.0,2333367.600222191,20.0,54339503.70168771,0.0
42.1,2433563.6983483345,20.0,56672871.3019099,0.0
42.2,2538062.272466151,20.0,59106435.00025824,0.0
42.300000000000004,2647048.0732795615,20.0,61644497.27272439,0.0
42.400000000000006,2760713.7847901196,20.0,64291545.34600395,0.0
42.5,2879260.3649572087,20.0,67052259.13079407,0.0
42.6,3002897.4009863785,20.0,69931519.49575128,0.0
42.7,3131843.479873958,20.0,72934416.89673765,0.0
42.800000000000004,3266326.5748630604,20.0,76066260.3766116,0.0
42.900000000000006,3406584.4484942215,20.0,79332586.95147467,0.0
43.0,3552865.072963259,20.0,82739171.39996889,0.0
43.1,3705427.068529529,20.0,86292036.47293214,0.0
43.2,3864540.160749675,20.0,89997463.54146168,0.0
43.300000000000004,4030485.6573452502,20.0,93862003.70221135,0.0
43.400000000000006,4203556.945547299,20.0,97892489.3595566,0.0
43.5,4384060.010797191,20.0,102096046.3051039,0.0
43.6,4572313.977720752,20.0,106480106.31590109,0.0
43.7,4768651.674332132,20.0,111052420.29362184,0.0
43.800000000000004,4973420.22046489,20.0,115821071.96795397,0.0
43.900000000000006,5186981.641470648,20.0,120794492.18841885,0.0
44.0,5409713.508270294,20.0,125981473.8298895,0.0
44.1,5642009.604889344,20.0,131391187.3381598,0.0
44.2,5884280.624657643,20.0,137033196.94304913,0.0
44.300000000000004,6136954.896304263,20.0,142917477.56770676,0.0
44.400000000000006,6400479.141231324,20.0,149054432.464011,0.0
44.5,6675319.263305566,20.0,155454911.60524234,0.0
44.6,6961961.1725640185,20.0,162130230.86854792,0.0
44.7,7260911.644290035,20.0,169092192.04111195,0.0
44.800000000000004,7572699.214978539,20.0,176353103.68540198,0.0
44.900000000000006,7897875.116774514,20.0,183925802.90038052,0.0
45.0,8237014.252036791,20.0,191823678.01715505,0.0
45.1,8590716.209750155,20.0,200060692.26919183,0.0
45.2,8959606.325582746,20.0,208651408.47894198,0.0
45.300000000000004,9344336.787462916,20.0,217611014.80452472,0.0
45.400000000000006,9745587.788630161,20.0,226955351.59198764,0.0
45.5,10164068.730198713,20.0,236700939.3806178,0.0
45.6,10600519.475359863,20.0,246865008.1108165,0.0
45.7,11055711.657440437,20.0,257465527.58617637,0.0
45.800000000000004,11530450.044130031,20.0,268521239.2436168,0.0
45.900000000000006,12025573.960288906,20.0,280051689.28774685,0.0
46.0,12541958.771852061,20.0,292077263.2480357,0.0
46.1,13080517.433452949,20.0,304619222.0198878,0.0
46.2,13642202.102503031,20.0,317699739.45334077,0.0
46.300000000000004,14228005.822580792,20.0,331341941.55584383,0.0
46.400000000000006,14838964.279106416,20.0,345569947.37842464,0.0
46.5,15476157.630406104,20.0,360408911.6575311,0.0
46.6,16140712.417403309,20.0,375885069.28793716,0.0
46.7,16833803.555313174,20.0,392025781.70534045,0.0
46.800000000000004,17556656.410861425,20.0,408859585.2606536,0.0
46.900000000000006,18310548.96870021,20.0,426416241.67151505,0.0
47.0,19096814.090851024,20.0,444726790.6402153,0.0
47.1,19916841.873169348,20.0,463823604.7310663,0.0
47.2,20772082.102997232,20.0,483740446.60423565,0.0
47.300000000000004,21664046.8223488,20.0,504512528.7072329,0.0
47.400000000000006,22594313.001160376,20.0,526176575.52958167,0.0
47.5,23564525.325331457,20.0,548770888.530742,0.0
47.6,24576399.104485705,20.0,572335413.8560735,0.0
47.7,25631723.30459281,20.0,596911812.9605592,0.0
47.800000000000004,26732363.710812815,20.0,622543536.2651521,0.0
47.900000000000006,27880266.226154722,20.0,649275899.9759649,0.0
48.0,29077460.31178135,20.0,677156166.2021196,0.0
48.1,30326062.57504277,20.0,706233626.513901,0.0
48.2,31628280.51158188,20.0,736559689.0889437,0.0
48.300000000000004,32986416.408128094,20.0,768187969.6005256,0.0
48.400000000000006,34402871.41287913,20.0,801174386.0086538,0.0
48.5,35880149.78066726,20.0,835577257.4215329,0.0
48.6,37420863.300415345,20.0,871457407.2022002,0.0
48.7,39027735.912710294,20.0,908878270.5026156,0.0
48.800000000000004,40703608.52565768,20.0,947906006.4153259,0.0
48.900000000000006,42451444.037531845,20.0,988609614.9409835,0.0
49.0,44274332.57510132,20.0,1031061058.9785154,0.0
49.1,46175496.956890956,20.0,1075335391.5536168,0.0
49.2,48158298.39103941,20.0,1121510888.5105078,0.0
49.300000000000004,50226242.41782594,20.0,1169669186.9015472,0.0
49.400000000000006,52382985.10737248,20.0,1219895429.3193731,0.0
49.5,54632339.52347855,20.0,1272278414.4267457,0.0
49.6,56978282.46501678,20.0,1326910753.9502242,0.0
49.7,59424961.49680771,20.0,1383889036.415241,0.0
49.800000000000004,61976702.28240424,20.0,1443313997.9120488,0.0
49.900000000000006,64638016.231749915,20.0,1505290700.194453,0.0
50.0,67413608.47723192,20.0,1569928716.426203,0.0
50.1,70308386.19223018,20.0,1637342324.903435,0.0
50.2,73327467.26686954,20.0,1707650711.0956652,0.0
50.300000000000004,76476189.35631368,20.0,1780978178.3625348,0.0
50.400000000000006,79760119.31759757,20.0,1857454367.7188485,0.0
50.5,83185063.051683,20.0,1937214487.036446,0.0
50.6,86757075.76813719,20.0,2020399550.088129,0.0
50.7,90482472.69058259,20.0,2107156625.8562663,0.0
50.800000000000004,94367840.22184446,20.0,2197639098.546849,0.0
50.900000000000006,98420047.5885362,20.0,2292006938.7686934,0.0
51.0,102646258.98566955,20.0,2390426986.3572297,0.0
51.1,107053946.24276114,20.0,2493073245.3428993,0.0
51.2,111650902.0338286,20.0,2600127191.5856605,0.0
51.300000000000004,116445253.65463138,20.0,2711778093.619489,0.0
51.400000000000006,121445477.39151369,20.0,2828223347.2741203,0.0
51.5,126660413.50725377,20.0,2949668824.665634,0.0
51.6,132099281.87041363,20.0,3076329238.172888,0.0
51.7,137771698.25582188,20.0,3208428520.0433016,0.0
51.800000000000004,143687691.34500822,20.0,3346200218.2991233,0.0
51.900000000000006,149857720.45664608,20.0,3489887909.6441317,0.0
52.0,156292694.03835028,20.0,3639745630.1007776,0.0
52.1,163003988.9525227,20.0,3796038324.1391277,0.0
52.2,170003470.59034288,20.0,3959042313.0916505,0.0
52.300000000000004,177303513.84946457,20.0,4129045783.6819935,0.0
52.400000000000006,184917025.01250607,20.0,4306349297.531458,0.0
52.5,192857464.5650152,20.0,4491266322.543964,0.0
52.6,201138870.99325028,20.0,4684123787.108979,0.0
52.7,209775885.60385102,20.0,4885262658.102229,0.0
52.800000000000004,218783778.40927982,20.0,5095038543.70608,0.0
52.900000000000006,228178475.1247983,20.0,5313822322.11536,0.0
53.0,237976585.32470897,20.0,5542000797.240158,0.0
53.1,248195431.80764145,20.0,5779977382.564867,0.0
53.2,258853081.22280046,20.0,6028172814.372508,0.0
53.300000000000004,269968376.01132184,20.0,6287025895.595308,0.0
53.400000000000006,281560967.719208,20.0,6556994271.60663,0.0
53.5,293651351.7407395,20.0,6838555239.325838,0.0
53.6,306260903.5537878,20.0,7132206591.066578,0.0
53.7,319411916.5110924,20.0,7438467494.620366,0.0
53.800000000000004,333127641.25431657,20.0,7757879411.131458,0.0
53.900000000000006,347432326.8205642,20.0,8091007052.385775,0.0
54.0,362351263.5140337,20.0,8438439379.206339,0.0
54.1,377910827.6186038,20.0,8800790642.720373,0.0
54.2,394138528.03040355,20.0,9178701470.338978,0.0
54.300000000000004,411063054.8928095,20.0,9572839998.36938,0.0
54.400000000000006,428714330.31985766,20.0,9983903053.26219,0.0
54.5,447123561.2977465,20.0,10412617383.582048,0.0
54.6,466323294.85795957,20.0,10859740944.879795,0.0
54.7,486347475.619553,20.0,11326064239.737755,0.0
54.800000000000004,507231505.8023407,20.0,11812411715.357307,0.0
54.900000000000006,529012307.8170783,20.0,12319643221.159649,0.0
55.0,551728389.5433054,20.0,12848655528.976727,0.0
55.1,575419912.4102536,20.0,13400383918.520031,0.0
55.2,600128762.4011872,20.0,13975803830.930285,0.0
55.300000000000004,625898624.1067088,20.0,14575932593.331472,0.0
55.400000000000006,652775057.9579555,20.0,15201831217.43818,0.0
55.5,680805580.7762316,20.0,15854606275.396137,0.0
55.6,710039749.7814865,20.0,16535411856.172369,0.0
55.7,740529250.2081633,20.0,17245451605.953857,0.0
55.800000000000004,772327986.683321,20.0,17985980856.16202,0.0
55.900000000000006,805492178.5285838,20.0,18758308842.845345,0.0
56.0,840080459.154408,20.0,19563801021.373928,0.0
56.1,876153979.7223955,20.0,20403881480.528336,0.0
56.2,913776517.258923,20.0,21280035460.250732,0.0
56.300000000000004,953014587.411231,20.0,22193811977.509655,0.0
56.400000000000006,993937562.0453218,20.0,23146826564.920887,0.0
56.5,1036617791.8935763,20.0,24140764126.96621,0.0
56.6,1081130734.4689274,20.0,25177381918.859787,0.0
56.7,1127555087.471739,20.0,26258512653.328712,0.0
56.800000000000004,1175972927.9252505,20.0,27386067740.800453,0.0
56.900000000000006,1226469857.2855737,20.0,28562040668.725704,0.0
57.0,1279135152.7827945,20.0,29788510526.011276,0.0
57.1,1334061925.2607446,20.0,31067645678.79407,0.0
57.2,1391347283.7945004,20.0,32401707604.054817,0.0
57.300000000000004,1451092507.3766494,20.0,33793054887.84932,0.0
57.400000000000006,1513403223.975859,20.0,35244147395.22597,0.0
57.5,1578389597.28432,20.0,36757550619.20183,0.0
57.6,1646166521.4842296,20.0,38335940216.486145,0.0
57.7,1716853824.377653,20.0,39982106737.970375,0.0
57.800000000000004,1790576479.2388964,20.0,41698960562.34803,0.0
57.900000000000006,1867464825.7639365,20.0,43489537041.58693,0.0
58.0,1947654800.5075421,20.0,45357001867.35087,0.0
58.1,2031288177.2154925,20.0,47304656667.85841,0.0
58.2,2118512817.476795,20.0,49335944845.073906,0.0
58.300000000000004,2209482932.1390476,20.0,51454457662.5507,0.0
58.400000000000006,2304359353.949123,20.0,53663940594.68974,0.0
58.5,2403309821.9011927,20.0,55968299948.63886,0.0
58.6,2506509277.7948146,20.0,58371609770.540054,0.0
58.7,2614140175.5273895,20.0,60878119048.33487,0.0
58.800000000000004,2726392803.6678057,20.0,63492259223.86226,0.0
58.900000000000006,2843465621.8815746,20.0,66218652027.53007,0.0
59.0,2965565611.802251,20.0,69062117649.41164,0.0
59.1,3092908642.9694624,20.0,72027683261.21388,0.0
59.2,3225719854.480523,20.0,75120591904.18335,0.0
59.300000000000004,3364234053.0303802,20.0,78346311758.66388,0.0
59.400000000000006,3508696128.0436134,20.0,81710545811.69426,0.0
59.5,3659361484.6324344,20.0,85219241939.73787,0.0
59.6,3816496495.1461434,20.0,88878603424.3703,0.0
59.7,3980378970.1103683,20.0,92695099919.51645,0.0
59.800000000000004,4151298649.3886957,20.0,96675478889.62682,0.0
59.900000000000006,4329557714.435056,20.0,100826777539.01552,0.0
60.0,4515471322.542509,20.0,105156335253.45058,0.0
60.1,4709368164.0329685,20.0,109671806575.99309,0.0
60.2,4911591043.372963,20.0,114381174740.02606,0.0
60.300000000000004,5122497485.242827,20.0,119292765783.39902,0.0
60.400000000000006,5342460366.630844,20.0,124415263268.64185,0.0
60.5,5571868576.069857,20.0,129757723635.27269,0.0
60.6,5811127701.181867,20.0,135329592211.34254,0.0
60.7,6060660745.746181,20.0,141140719912.5244,0.0
60.800000000000004,6320908877.558856,20.0,147201380658.2706,0.0
60.900000000000006,6592332208.405651,20.0,153522289535.82947,0.0
61.0,6875410607.527441,20.0,160114621744.2351,0.0
61.1,7170644550.016293,20.0,166990032351.76254,0.0
61.2,7478556001.642138,20.0,174160676901.77884,0.0
61.300000000000004,7799689341.674391,20.0,181639232903.421,0.0
61.400000000000006,8134612325.330043,20.0,189438922245.09537,0.0
61.5,8483917087.549804,20.0,197573534570.4254,0.0
61.6,8848221189.876957,20.0,206057451657.97522,0.0
61.7,9228168712.289762,20.0,214905672847.85217,0.0
61.800000000000004,9624431391.917759,20.0,224133841560.14194,0.0
61.900000000000006,10037709810.655169,20.0,233758272952.0597,0.0
62.0,10468734633.771076,20.0,243795982762.71487,0.0
62.1,10918267901.706228,20.0,254264717396.48596,0.0
62.2,11387104377.34029,20.0,265182985298.1922,0.0
62.300000000000004,11876072951.111513,20.0,276570089675.5325,0.0
62.400000000000006,12386038106.473017,20.0,288446162626.644,0.0
62.5,12917901448.276575,20.0,300832200733.117,0.0
62.6,13472603296.786053,20.0,313750102181.39355,0.0
62.7,14051124350.138659,20.0,327222705478.1796,0.0
62.800000000000004,14654487418.193207,20.0,341273829828.3183,0.0
62.900000000000006,15283759230.83079,20.0,355928317246.5115,0.0
63.0,15940052323.904875,20.0,371212076477.3423,0.0
63.1,16624527006.17515,20.0,387152128801.24713,0.0
63.2,17338393410.702595,20.0,403776655807.4223,0.0
63.300000000000004,18082913634.332603,20.0,421115049218.1249,0.0
63.400000000000006,18859403969.048676,20.0,439197962852.45746,0.0
63.5,19669237229.141705,20.0,458057366821.5061,0.0
63.6,20513845178.309174,20.0,477726604050.6478,0.0
63.7,21394721060.975353,20.0,498240449228.95703,0.0
63.800000000000004,22313422242.30779,20.0,519635170289.9324,0.0
63.900000000000006,23271572961.597565,20.0,541948592532.2402,0.0
64.0,24270867203.871223,20.0,565220165493.8378,0.0
64.10000000000001,25313071694.81132,20.0,589491032697.709,0.0
64.2,26400029024.280502,20.0,614804104392.5203,0.0
64.3,27533660903.971455,20.0,641204133416.8008,0.0
64.4,28715971564.942142,20.0,668737794320.7722,0.0
64.5,29949051301.043095,20.0,697453765885.7144,0.0
64.60000000000001,31235080164.50142,20.0,727402817186.7574,0.0
64.7,32576331820.195248,20.0,758637897351.2589,0.0
64.8,33975177565.432854,20.0,791214229171.4541,0.0
64.9,35434090522.34333,20.0,825189406736.887,0.0
65.0,36955650010.29083,20.0,860623497259.2303,0.0
65.10000000000001,38542546106.04271,20.0,897579147269.5212,0.0
65.2,40197584399.7538,20.0,936121693375.564,0.0
65.3,41923690955.17531,20.0,976319277775.3177,0.0
65.4,43723917482.85782,20.0,1018242968730.493,0.0
65.5,45601446735.49451,20.0,1061966886213.3508,0.0
65.60000000000001,47559598134.943375,20.0,1107568332948.8452,0.0
65.7,49601833640.87694,20.0,1155127931083.7886,0.0
65.8,51731763871.435,20.0,1204729764724.6655,0.0
65.9,53953154486.70163,20.0,1256461528596.1006,0.0
66.0,56269932846.2922,20.0,1310414683082.8022,0.0
66.10000000000001,58686194952.82086,20.0,1366684615929.0945,0.0
66.2,61206212693.52443,20.0,1425370810881.9153,0.0
66.3,63834441392.84554,20.0,1486577023575.4397,0.0
66.4,66575527689.327965,20.0,1550411464968.2852,0.0
66.5,69434317750.75014,20.0,1616986992657.613,0.0
66.60000000000001,72415865842.0211,20.0,1686421310408.3633,0.0
66.7,75525443260.98666,20.0,1758837176250.3843,0.0
66.8,78768547657.94397,20.0,1834362619511.3708,0.0
66.9,82150912755.34125,20.0,1913131167169.315,0.0
67.0,85678518484.8468,20.0,1995282079924.6562,0.0
67.10000000000001,89357601559.70944,20.0,2080960598409.503,0.0
67.2,93194666501.10185,20.0,2170318199969.2124,0.0
67.3,97196497137.94127,20.0,2263512866470.3145,0.0
67.4,101370168600.5189,20.0,2360709363608.256,0.0
67.5,105723059829.14235,20.0,2462079532208.775,0.0
67.60000000000001,110262866619.90614,20.0,2567802592037.9175,0.0
67.7,114997615230.65483,20.0,2678065458657.8237,0.0
67.8,119935676571.19373,20.0,2793063073888.4785,0.0
67.9,125085781002.83513,20.0,2912998750459.6724,0.0
68.0,130457033773.44527,20.0,3038084531462.5073,0.0
68.10000000000001,136058931115.28076,20.0,3168541565235.9526,0.0
68.2,141901377034.075,20.0,3304600496351.2334,0.0
68.3,147994700819.05737,20.0,3446501873385.3086,0.0
68.4,154349675304.86215,20.0,3594496574204.366,0.0
68.5,160977535917.6142,20.0,3748846249509.2285,0.0
68.60000000000001,167890000538.86383,20.0,3909823785426.843,0.0
68.7,175099290222.4904,20.0,4077713785965.7065,0.0
68.8,182618150801.2008,20.0,4252813076188.197,0.0
68.9,190459875420.8234,20.0,4435431226989.397,0.0
69.0,198638328042.23663,20.0,4625891102410.221,0.0
69.10000000000001,207167967952.4839,20.0,4824529430452.457,0.0
69.2,216063875328.4088,20.0,5031697398404.941,0.0
69.3,225341777898.00763,20.0,5247761273733.351,0.0
69.4,235018078746.63452,20.0,5473103051631.358,0.0
69.5,245109885317.22086,20.0,5708121130377.993,0.0
69.60000000000001,255635039655.78006,20.0,5953231015695.214,0.0
69.7,266612149955.67114,20.0,6208866055350.994,0.0
69.8,278060623456.3904,20.0,6475478205306.665,0.0
69.9,290000700755.0553,20.0,6753538828763.056,0.0
70.0,302453491591.2429,20.0,7043539529518.111,0.0
70.10000000000001,315441012168.44867,20.0,7345993021109.3545,0.0
70.2,328986224078.14966,20.0,7661434033277.803,0.0
70.3,343113074895.2883,20.0,7990420257355.952,0.0
70.4,357846540516.9493,20.0,8333533332251.24,0.0
70.5,373212669319.0819,20.0,8691379872768.189,0.0
70.60000000000001,389238628209.33734,20.0,9064592542087.271,0.0
70.7,405952750657.43964,20.0,9453831170296.61,0.0
70.8,423384586788.008,20.0,9859783920954.049,0.0
70.9,441564955624.39215,20.0,10283168507742.057,0.0
71.0,460525999575.8874,20.0,10724733463366.45,0.0
71.10000000000001,480301241264.66034,20.0,11185259462942.336,0.0
71.2,500925642792.85504,20.0,11665560704206.996,0.0
71.3,522435667554.66077,20.0,12166486346999.852,0.0
71.4,544869344702.62476,20.0,12688922014554.512,0.0
71.5,568266336382.1841,20.0,13233791359257.137,0.0
71.60000000000001,592668007853.2852,20.0,13802057695639.32,0.0
71.7,618117500623.0653,20.0,14394725703492.605,0.0
71.8,644659808718.8912,20.0,15012843204115.67,0.0
71.9,672341858236.6047,20.0,15657503012834.56,0.0
72.0,701212590304.614,20.0,16329844871071.166,0.0
72.10000000000001,731323047610.5088,20.0,17031057461375.78,0.0
72.2,762726464643.1766,20.0,17762380508986.29,0.0
72.3,795478361809.9656,20.0,18525106973629.465,0.0
72.4,829636643595.2898,20.0,19320585335439.43,0.0
72.5,865261700934.2202,20.0,20150221979034.72,0.0
72.60000000000001,902416517982.0543,20.0,21015483679968.938,0.0
72.7,941166783468.6295,20.0,21917900197950.992,0.0
72.8,981581006834.2535,20.0,22859066981419.62,0.0
72.9,1023730639352.5753,20.0,23840647988253.875,0.0
73.0,1067690200454.5393,20.0,24864378627606.45,0.0
73.10000000000001,1113537409476.7603,20.0,25932068828060.99,0.0
73.2,1161353323067.2468,20.0,27045606237537.75,0.0
73.3,1211222478491.402,20.0,28206959560604.996,0.0
73.4,1263233043091.6646,20.0,29418182039096.4,0.0
73.5,1317476970165.027,20.0,30681415082188.062,0.0
73.60000000000001,1374050161534.0251,20.0,31998892052353.09,0.0
73.7,1433052637098.6113,20.0,33372942213887.117,0.0
73.8,1494588711668.6829,20.0,34805994850985.727,0.0
73.9,1558767179389.895,20.0,36300583562654.41,0.0
74.0,1625701506088.8215,20.0,37859350742044.305,0.0
74.10000000000001,1695510029877.5227,20.0,39485052248133.125,0.0
74.2,1768316170372.1846,20.0,41180562278010.65,0.0
74.3,1844248646895.7236,20.0,42948878448382.836,0.0
74.4,1923441706050.1301,20.0,44793127095278.56,0.0
74.5,2006035359060.8965,20.0,46716568801328.695,0.0
74.60000000000001,2092175629313.1448,20.0,48722604160389.59,0.0
74.7,2182014810517.0942,20.0,50814779789702.74,0.0
74.8,2275711735959.297,20.0,52996794600219.836,0.0
74.9,2373432059315.669,20.0,55272506336179.13,0.0
75.0,2475348547522.792,20.0,57645938395494.805,0.0
75.10000000000001,2581641386225.268,20.0,60121286943017.59,0.0
75.2,2692498498339.1543,20.0,62702928329242.86,0.0
75.3,2808115876294.6875,20.0,65395426827582.016,0.0
75.4,2928697928545.697,20.0,68203542703876.7,0.0
75.5,3054457840958.3213,20.0,71132240632422.4,0.0
75.60000000000001,3185617953717.9595,20.0,74186698473380.73,0.0
75.7,3322410154420.813,20.0,77372316427098.69,0.0
75.8,3465076288044.9985,20.0,80694726581519.5,0.0
75.9,3613868584526.046,20.0,84159802869564.5,0.0
76.0,3769050104692.7266,20.0,87773671454090.55,0.0
76.10000000000001,3930895205351.613,20.0,91542721558783.28,0.0
76.2,4099690024342.6255,20.0,95473616764134.89,0.0
76.3,4275732986423.1357,20.0,99573306788477.52,0.0
76.4,4459335330875.012,20.0,103849039774900.66,0.0
76.5,4650821661767.403,20.0,108308375105775.67,0.0
76.60000000000001,4850530521848.116,20.0,112959196767543.08,0.0
76.7,5058814991078.198,20.0,117809727289391.19,0.0
76.80000000000001,5276043310867.936,20.0,122868542280469.39,0.0
76.9,5502599535117.886,20.0,128144585591337.33,0.0
77.0,5738884209215.977,20.0,133647185126455.22,0.0
77.10000000000001,5985315078191.111,20.0,139386069335671.19,0.0
77.2,6242327825275.29,20.0,145371384413862.3,0.0
77.30000000000001,6510376842179.991,20.0,151613712239137.6,0.0
77.4,6789936032448.65,20.0,158124089081317.6,0.0
77.5,7081499649305.54,20.0,164914025113766.25,0.0
77.60000000000001,7385583169482.346,20.0,171995524763071.78,0.0
77.7,7702724204567.337,20.0,179381107932554.12,0.0
77.80000000000001,8033483451488.379,20.0,187083832137121.47,0.0
77.9,8378445683810.21,20.0,195117315588609.84,0.0
78.0,8738220785598.575,20.0,203495761272420.06,0.0
78.10000000000001,9113444829679.059,20.0,212233982058018.62,0.0
78.2,9504781202196.945,20.0,221347426887697.7,0.0
78.30000000000001,9912921775466.312,20.0,230852208089894.62,0.0
78.4,10338588131181.902,20.0,240765129865360.94,0.0
78.5,10782532836156.398,20.0,251103717996542.84,0.0
78.60000000000001,11245540772838.564,20.0,261886250832699.25,0.0
78.7,11728430526964.57,20.0,273131791605537.8,0.0
78.80000000000001,12232055834795.836,20.0,284860222132502.4,0.0
78.9,12757307092502.064,20.0,297092277967298.2,0.0
79.0,13305112930358.031,20.0,309849585059800.25,0.0
79.10000000000001,13876441854537.244,20.0,323154697990158.25,0.0
79.2,14472303959405.139,20.0,337031139844695.5,0.0
79.30000000000001,15093752713339.09,20.0,351503443804100.6,0.0
79.4,15741886821232.531,20.0,366597196517439.7,0.0
79.5,16417852166976.027,20.0,382339083338672.25,0.0
79.60000000000001,17122843839349.557,20.0,398756935505648.25,0.0
79.7,17858108244907.742,20.0,415879779344997.8,0.0
79.80000000000001,18624945311593.543,20.0,433737887589905.56,0.0
79.9,19424710786976.33,20.0,452362832901499.1,0.0
80.0,20258818635177.58,20.0,471787543688475.44,0.0
80.10000000000001,21128743536721.9,20.0,492046362323653.0,0.0
80.2,22036023495733.04,20.0,513175105860374.9,0.0
80.30000000000001,22982262559084.32,20.0,535211129356107.94,0.0
80.4,23969133652310.926,20.0,558193391915192.25,0.0
80.5,24998381537297.805,20.0,582162525567503.1,0.0
80.60000000000001,26071825896972.363,20.0,607160907104800.9,0.0
80.7,27191364552455.547,20.0,633232733001773.2,0.0
80.80000000000001,28358976818359.19,20.0,660424097554228.8,0.0
80.9,29576727002161.684,20.0,688783074372588.0,0.0
81.0,30846768053848.766,20.0,718359801374749.6,0.0
81.10000000000001,32171345372271.938,20.0,749206569428598.4,0.0
81.2,33552800774953.996,20.0,781377914800870.2,0.0
81.30000000000001,34993576638360.223,20.0,814930715575824.2,0.0
81.4,36496220215955.11,20.0,849924292214184.5,0.0
81.5,38063388141678.84,20.0,886420512430139.6,0.0
81.60000000000001,39697851126805.57,20.0,924483900571818.5,0.0
81.7,41402498858487.32,20.0,964181751698624.1,0.0
81.80000000000001,43180345108644.19,20.0,1005584250557111.5,0.0
81.9,45034533062233.016,20.0,1048764595665755.8,0.0
82.0,46968340874314.95,20.0,1093799128727988.8,0.0
82.10000000000001,48985187465746.54,20.0,1140767469602303.8,0.0
82.2,51088638567740.98,20.0,1189752657068050.2,0.0
82.30000000000001,53282413025986.23,20.0,1240841295635791.2,0.0
82.4,55570389375465.44,20.0,1294123708661777.5,0.0
82.5,57956612697603.77,20.0,1349694098037243.0,0.0
82.60000000000001,60445301771864.96,20.0,1407650710734846.8,0.0
82.7,63040856534441.35,20.0,1468096012506711.8,0.0
82.80000000000001,65747865857224.25,20.0,1531136869041153.0,0.0
82.9,68571115660807.56,20.0,1596884734898377.2,0.0
83.0,71515597375868.31,20.0,1665455850559184.8,0.0
83.10000000000001,74586516767883.5,20.0,1736971447935053.0,0.0
83.2,77789303140785.27,20.0,1811557964702936.5,0.0
83.30000000000001,81129618935825.98,20.0,1889347267843721.8,0.0
83.4,84613369742624.11,20.0,1970476886779547.8,0.0
83.5,88246714740089.72,20.0,2055090256522172.0,0.0
83.60000000000001,92036077585689.31,20.0,2143336971262261.8,0.0
83.7,95988157772301.56,20.0,2235373048847951.0,0.0
83.80000000000001,100109942472742.88,20.0,2331361206620252.5,0.0
83.9,104408718892903.33,20.0,2431471149092995.5,0.0
84.0,108892087155333.19,20.0,2535879867985899.0,0.0
84.10000000000001,113567973736057.72,20.0,2644771955141232.0,0.0
84.2,118444645478376.33,20.0,2758339928877289.5,0.0
84.30000000000001,123530724208421.95,20.0,2876784574355666.0,0.0
84.4,128835201978320.72,20.0,3000315298564088.0,0.0
84.5,134367456963901.28,20.0,3129150500542408.5,0.0
84.60000000000001,140137270045060.66,20.0,3263517957506310.0,0.0
84.7,146154842098100.12,20.0,3403655227551370.5,0.0
84.80000000000001,152430812030603.6,20.0,3549810069649470.5,0.0
84.9,158976275590743.78,20.0,3702240881680074.0,0.0
85.0,165802804984270.22,20.0,3861217157270818.0,0.0
85.10000000000001,172922469333861.72,20.0,4027019962255088.0,0.0
85.2,180347856017014.78,20.0,4199942431588950.0,0.0
85.30000000000001,188092092920192.72,20.0,4380290287605965.0,0.0
85.4,196168871648580.3,20.0,4568382380526158.0,0.0
85.5,204592471732478.1,20.0,4764551252174738.0,0.0
85.60000000000001,213377785873132.84,20.0,4969143723907216.0,0.0
85.7,222540346272637.78,20.0,5182521509780349.0,0.0
85.80000000000001,232096352094453.4,20.0,5405061856052987.0,0.0
85.9,242062698103098.34,20.0,5637158208147440.0,0.0
86.0,252457004533644.3,20.0,5879220906250538.0,0.0
86.10000000000001,263297648243823.8,20.0,6131677910784182.0,0.0
86.2,274603795203826.56,20.0,6394975559028006.0,0.0
86.30000000000001,286395434381225.8,20.0,6669579354231833.0,0.0
86.4,298693413080942.2,20.0,6955974788613059.0,0.0
86.5,311519473802725.2,20.0,7254668201694001.0,0.0
86.60000000000001,324896292681315.2,20.0,7566187675496726.0,0.0
86.7,338847519577247.7,20.0,7891083968178041.0,0.0
86.80000000000001,353397819889178.56,20.0,8229931487755289.0,0.0
86.9,368572918161653.75,20.0,8583329307644468.0,0.0
87.0,384399643565421.06,20.0,8951902225806122.0,0.0
87.10000000000001,400905977330691.5,20.0,9336301869371544.0,0.0
87.2,418121102217211.06,20.0,9737207846702236.0,0.0
87.30000000000001,436075454108605.2,20.0,1.0155328948919448e+16,0.0
87.4,454800775822212.56,20.0,1.0591404403028054e+16,0.0
87.5,474330173229543.25,20.0,1.1046205178850266e+16,0.0
87.60000000000001,494698173786580.44,20.0,1.152053535207981e+16,0.0
87.7,515940787577405.5,20.0,1.201523352586639e+16,0.0
87.80000000000001,538095570979070.56,20.0,1.2531174313443796e+16,0.0
87.9,561201693060275.56,20.0,1.3069269884422866e+16,0.0
88.0,585300004831241.6,20.0,1.3630471577483142e+16,0.0
88.10000000000001,610433111467212.4,20.0,1.4215771582314384e+16,0.0
88.2,636645447633272.0,20.0,1.4826204693781596e+16,0.0
88.30000000000001,663983356043653.5,20.0,1.5462850141414868e+16,0.0
88.4,692495169394426.5,20.0,1.6126833497458522e+16,0.0
88.5,722231295814420.2,20.0,1.6819328666852948e+16,0.0
88.60000000000001,753244307985457.0,20.0,1.7541559962667368e+16,0.0
88.7,785589036089457.1,20.0,1.8294804270652824e+16,0.0
88.80000000000001,819322664746744.8,20.0,1.908039330674228e+16,0.0
88.9,854504834116938.0,20.0,1.9899715971489024e+16,0.0
89.0,891197745341166.9,20.0,2.075422080560596e+16,0.0
89.10000000000001,929466270512039.5,20.0,2.164541855094713e+16,0.0
89.2,969378067365778.8,20.0,2.257488482145917e+16,0.0
89.30000000000001,1011003698899303.2,20.0,2.3544262888824948e+16,0.0
89.4,1054416758123731.9,20.0,2.4555266587724252e+16,0.0
89.5,1099693998174873.2,20.0,2.5609683345847984e+16,0.0
89.60000000000001,1146915468010731.5,20.0,2.6709377344022856e+16,0.0
89.7,1196164653935937.8,20.0,2.7856292812033588e+16,0.0
89.80000000000001,1247528627203320.5,20.0,2.9052457465969524e+16,0.0
89.9,1301098197953567.8,20.0,3.0299986093172844e+16,0.0
90.0,1356968075765143.8,20.0,3.1601084291126412e+16,0.0
90.10000000000001,1415237037098309.5,20.0,3.2958052366891556e+16,0.0
90.2,1476008099929280.5,20.0,3.4373289403989864e+16,0.0
90.30000000000001,1539388705883273.5,20.0,3.5849297503919144e+16,0.0
90.4,1605490910188446.2,20.0,3.738868620980242e+16,0.0
90.5,1674431579786565.0,20.0,3.899417711999086e+16,0.0
90.60000000000001,1746332599950654.2,20.0,4.066860869977743e+16,0.0
90.7,1821321089774922.8,20.0,4.241494129972809e+16,0.0
90.80000000000001,1899529626917945.5,20.0,4.423626238950301e+16,0.0
90.9,1981096481996444.0,20.0,4.613579201642095e+16,0.0
91.0,2066165863044064.8,20.0,4.811688849841739e+16,0.0
91.10000000000001,2154888170467352.0,20.0,5.018305436146146e+16,0.0
91.2,2247420262949673.8,20.0,5.233794253192881e+16,0.0
91.30000000000001,2343925734773207.5,20.0,5.458536279487848e+16,0.0
91.4,2444575205049286.5,20.0,5.692928852965169e+16,0.0
91.5,2549546619368458.5,20.0,5.937386373470098e+16,0.0
91.60000000000001,2659025564403563.5,20.0,6.192341035406943e+16,0.0
91.7,2773205596022042.5,20.0,6.458243591847299e+16,0.0
91.80000000000001,2892288581487571.5,20.0,6.735564151449503e+16,0.0
91.9,3016485056356022.5,20.0,7.024793009598261e+16,0.0
92.0,3146014596696736.0,20.0,7.326441515233862e+16,0.0
92.10000000000001,3281106207297179.0,20.0,7.641042974903536e+16,0.0
92.2,3421998726537329.0,20.0,7.969153595633254e+16,0.0
92.30000000000001,3568941248649586.0,20.0,8.311353468286987e+16,0.0
92.4,3722193564110761.0,20.0,8.668247593151946e+16,0.0
92.5,3882026618944739.5,20.0,9.040466949563022e+16,0.0
92.60000000000001,4048722993747857.0,20.0,9.428669611457496e+16,0.0
92.7,4222577403283888.0,20.0,9.833541910832282e+16,0.0
92.80000000000001,4403897217531922.5,20.0,1.025579965116067e+17,0.0
92.9,4593003005108326.0,20.0,1.0696189372913862e+17,0.0
93.0,4790229100023540.0,20.0,1.1155489673424694e+17,0.0
93.10000000000001,4995924192775734.0,20.0,1.1634512583427048e+17,0.0
93.2,5210451946826346.0,20.0,1.213410500270462e+17,0.0
93.30000000000001,5434191641547425.0,20.0,1.2655150197387256e+17,0.0
93.4,5667538842777488.0,20.0,1.3198569361541998e+17,0.0
93.5,5910906102171417.0,20.0,1.3765323245819747e+17,0.0
93.60000000000001,6164723686580831.0,20.0,1.435641385603689e+17,0.0
93.7,6429440338754452.0,20.0,1.4972886224694973e+17,0.0
93.80000000000001,6705524070703367.0,20.0,1.561583025857042e+17,0.0
93.9,6993462991133836.0,20.0,1.6286382665640755e+17,0.0
94.0,7293766168410522.0,20.0,1.6985728964754138e+17,0.0
94.10000000000001,7606964530575840.0,20.0,1.771510558159519e+17,0.0
94.2,7933611804016636.0,20.0,1.8475802034652774e+17,0.0
94.30000000000001,8274285492437735.0,20.0,1.926916321505444e+17,0.0
94.4,8629587897873155.0,20.0,2.009659176429821e+17,0.0
94.5,9000147185540107.0,20.0,2.0959550554085526e+17,0.0
94.60000000000001,9386618494418418.0,20.0,2.1859565272639536e+17,0.0
94.7,9789685095518846.0,20.0,2.279822712208138e+17,0.0
94.80000000000001,1.0210059599888088e+16,20.0,2.3777195631633264e+17,0.0
94.9,1.0648485218486182e+16,20.0,2.4798201591622074e+17,0.0
95.0,1.1105737076163744e+16,20.0,2.586305011347069e+17,0.0
95.10000000000001,1.1582623582062126e+16,20.0,2.6973623821087066e+17,0.0
95.2,1.2079987858859306e+16,20.0,2.813188617929328e+17,0.0
95.30000000000001,1.2598709233388392e+16,20.0,2.933988496517921e+17,0.0
95.4,1.3139704791264112e+16,20.0,3.0599755888518054e+17,0.0
95.5,1.3703930998265826e+16,20.0,3.191372636764447e+17,0.0
95.60000000000001,1.4292385391343622e+16,20.0,3.328411946747105e+17,0.0
95.7,1.4906108342237156e+16,20.0,3.4713358006605414e+17,0.0
95.80000000000001,1.5546184896825256e+16,20.0,3.620396884082913e+17,0.0
95.9,1.6213746693458222e+16,20.0,3.775858733051166e+17,0.0
96.0,1.6909973963664374e+16,20.0,3.9379961999857485e+17,0.0
